# Settings
DetailMode=1
ShowBBox=1
SwapView=0
CullFace=1
# Block 1 description
Block=287,16,2,16,0,0,0,0,0,0,0,0,0,72894,73920,73936,72910,66754,65728,65712,66738,66754,65728,65712,66738,66754,65728,65712,66738,73936,82144,82128,73920
# Block 2 description
Block=261,4,6,2,6,2,2,0,0,0,0,0,0,51867,54945,54949,51871,51867,54945,54949,51871
# Block 3 description
Block=266,2,6,4,7,2,1,0,0,0,0,0,0,51867,54945,54949,51871,51867,54945,54949,51871
# Block 4 description
Block=272,2,7,2,7,0,2,0,0,0,0,0,0,52381,53407,53409,52383
# Block 5 description
Block=261,4,6,2,6,2,6,0,0,0,0,0,0,51867,54945,54949,51871,51867,54945,54949,51871
# Block 6 description
Block=266,2,6,4,7,2,5,0,0,0,0,0,0,51867,54945,54949,51871,51867,54945,54949,51871
# Block 7 description
Block=16,2,7,2,7,0,6,0,0,0,0,0,0,52381,53407,53409,52383
